0.994 0
0.993998 -0.000200142
0.993988 -0.000558861
0.993964 -0.000961459
0.993926 -0.00137358
0.993874 -0.00178874
0.993808 -0.00220661
0.993728 -0.00262803
0.993633 -0.00305398
0.993522 -0.00348541
0.993394 -0.00392313
0.993249 -0.00436777
0.993086 -0.00481978
0.992903 -0.00527936
0.992701 -0.00574655
0.992478 -0.00622128
0.992233 -0.00670344
0.991967 -0.00719301
0.991677 -0.00769014
0.991362 -0.00819518
0.991022 -0.00870874
0.990655 -0.00923159
0.990259 -0.00976472
0.989832 -0.0103093
0.989371 -0.0108665
0.988874 -0.0114379
0.988337 -0.012025
0.987756 -0.0126294
0.987127 -0.0132529
0.986445 -0.0138974
0.985705 -0.014565
0.9849 -0.015258
0.984023 -0.0159787
0.983065 -0.0167298
0.982018 -0.0175141
0.980869 -0.0183346
0.979606 -0.0191947
0.978214 -0.0200979
0.976675 -0.0210481
0.974969 -0.0220492
0.973071 -0.0231057
0.970952 -0.024222
0.968579 -0.0254024
0.965909 -0.0266512
0.962893 -0.027972
0.95947 -0.0293673
0.955567 -0.0308374
0.95109 -0.0323788
0.945928 -0.0339819
0.939936 -0.0356271
0.932934 -0.0372781
0.92469 -0.0388717
0.914905 -0.0403004
0.903189 -0.0413841
0.889022 -0.0418215
0.871704 -0.0411067
0.850268 -0.0383824
0.82333 -0.0321715
0.788812 -0.0198703
0.743527 0.00314214
0.687386 0.0410113
0.627975 0.0893904
0.562941 0.147461
0.492447 0.21083
0.419628 0.272095
0.345325 0.327572
0.27048 0.375389
0.19645 0.414866
0.123653 0.446692
0.0511982 0.472241
-0.022348 0.492785
-0.0982663 0.509301
-0.176817 0.522611
-0.255994 0.533673
-0.33283 0.543996
-0.40605 0.555666
-0.472534 0.570374
-0.528868 0.588658
-0.57576 0.610974
-0.613795 0.637324
-0.643436 0.667417
-0.665065 0.70077
-0.679009 0.736777
-0.685576 0.774757
-0.685072 0.813987
-0.677826 0.85373
-0.664197 0.893247
-0.64459 0.931821
-0.619455 0.968764
-0.589294 1.00343
-0.55466 1.03523
-0.516155 1.06363
-0.474426 1.08815
-0.430161 1.10842
-0.384082 1.12411
-0.33694 1.13498
-0.289506 1.14089
-0.242566 1.14176
-0.196912 1.1376
-0.153331 1.1285
-0.112606 1.11463
-0.0755008 1.0962
-0.0427615 1.07352
-0.0151067 1.04691
0.00677452 1.01674
0.0222259 0.983394
0.0306272 0.947229
0.0313975 0.908571
0.0240015 0.867661
0.00796214 0.824605
-0.0171134 0.779312
-0.0514823 0.731411
-0.0951689 0.680169
-0.147797 0.624422
-0.208322 0.562585
-0.274697 0.492871
-0.342527 0.415186
-0.402454 0.337167
-0.452582 0.261701
-0.494676 0.18826
-0.531053 0.115053
-0.563611 0.0403385
-0.593923 -0.0370672
-0.623391 -0.116753
-0.652044 -0.192318
-0.680036 -0.257871
-0.708856 -0.313429
-0.739374 -0.359259
-0.771971 -0.395717
-0.80667 -0.42317
-0.843239 -0.441976
-0.881273 -0.452481
-0.920249 -0.455032
-0.95957 -0.449987
-0.9986 -0.437728
-1.03669 -0.418668
-1.07319 -0.393262
-1.10748 -0.362006
-1.13897 -0.325442
-1.16713 -0.284157
-1.19147 -0.23878
-1.21158 -0.18998
-1.22711 -0.138457
-1.2378 -0.0849419
-1.24347 -0.0301828
-1.24402 0.0250577
-1.23944 0.0800126
-1.22981 0.133918
-1.21529 0.186021
-1.19613 0.235588
-1.17265 0.281912
-1.14524 0.324316
-1.11439 0.362163
-1.08061 0.394859
-1.04449 0.421853
-1.00664 0.442639
-0.967707 0.456758
-0.928345 0.46379
-0.889204 0.463352
-0.850898 0.455085
-0.813983 0.438648
-0.778913 0.413699
-0.745986 0.37989
-0.715278 0.336856
-0.686542 0.284234
-0.659088 0.221707
-0.631647 0.149138
-0.602269 0.0668239
-0.568387 -0.0240969
-0.528406 -0.118661
-0.484969 -0.205801
-0.439573 -0.283217
-0.392345 -0.352905
-0.342653 -0.417657
-0.289763 -0.479849
-0.233332 -0.541332
-0.174527 -0.602976
-0.119858 -0.661189
-0.0738094 -0.71432
-0.0369601 -0.76367
-0.00940765 -0.810107
0.00903455 -0.854113
0.0187184 -0.895866
0.0200963 -0.935321
0.0136876 -0.972284
6.16741e-05 -1.00646
-0.0201702 -1.0375
-0.0463595 -1.06503
-0.0778239 -1.08869
-0.11385 -1.10814
-0.153698 -1.12309
-0.196607 -1.13329
-0.241797 -1.13856
-0.28848 -1.13881
-0.335865 -1.134
-0.383164 -1.12419
-0.429603 -1.1095
-0.474425 -1.09017
-0.516901 -1.06648
-0.556337 -1.03882
-0.592076 -1.00762
-0.623507 -0.973422
-0.650069 -0.936793
-0.671251 -0.898371
-0.686594 -0.858836
-0.695689 -0.818903
-0.698173 -0.77931
-0.693718 -0.740801
-0.682023 -0.704113
-0.662797 -0.669951
-0.635734 -0.638957
-0.600485 -0.611673
-0.556628 -0.588479
-0.503631 -0.569505
-0.440828 -0.554498
-0.367436 -0.542626
-0.282672 -0.532203
-0.186097 -0.520382
-0.0888697 -0.505012
0.00388016 -0.484524
0.089996 -0.458624
0.168486 -0.428028
0.240081 -0.393479
0.306668 -0.355136
0.370218 -0.312726
0.432278 -0.265974
0.493527 -0.2154
0.553314 -0.163351
0.611013 -0.113043
0.667511 -0.0668135
0.724377 -0.0267134
0.779825 0.0032636
0.83405 0.0218642
0.878269 0.0283472
0.909259 0.0280005
0.929172 0.0255677
0.941898 0.0230584
0.950432 0.0209264
0.956524 0.0191621
0.961116 0.0176841
0.964722 0.0164239
0.967637 0.0153326
0.970046 0.0143759
0.97207 0.0135288
0.973792 0.0127722
0.975275 0.0120916
0.976562 0.0114755
0.97769 0.0109145
0.978683 0.0104011
0.979565 0.00992907
0.980351 0.00949329
0.981056 0.00908941
0.98169 0.00871376
0.982264 0.00836323
0.982784 0.00803514
0.983258 0.0077272
0.983691 0.0074374
0.984087 0.00716401
0.984451 0.0069055
0.984786 0.00666053
0.985096 0.00642792
0.985382 0.00620661
0.985647 0.00599567
0.985893 0.00579426
0.986122 0.00560163
0.986335 0.0054171
0.986534 0.00524006
0.98672 0.00506997
0.986894 0.00490632
0.987057 0.00474866
0.98721 0.00459656
0.987353 0.00444966
0.987488 0.0043076
0.987615 0.00417005
0.987735 0.00403673
0.987848 0.00390737
0.987954 0.0037817
0.988055 0.0036595
0.98815 0.00354055
0.988239 0.00342465
0.988324 0.00331161
0.988405 0.00320125
0.988481 0.00309341
0.988552 0.00298794
0.988621 0.0028847
0.988685 0.00278354
0.988746 0.00268435
0.988804 0.002587
0.988859 0.00249139
0.988911 0.0023974
0.98896 0.00230495
0.989007 0.00221395
0.989051 0.0021243
0.989092 0.00203594
0.989132 0.0019488
0.989169 0.00186281
0.989204 0.00177792
0.989236 0.00169409
0.989267 0.00161127
0.989296 0.00152944
0.989322 0.00144856
0.989347 0.00136863
0.98937 0.00128963
0.989392 0.00121157
0.989411 0.00113443
0.989429 0.00105823
0.989445 0.000982959
0.98946 0.000908623
0.989473 0.000835219
0.989484 0.000762737
0.989494 0.000691165
0.989503 0.000620483
0.98951 0.000550664
0.989516 0.000481677
0.98952 0.000413483
0.989523 0.000346039
0.989525 0.0002793
0.989526 0.000213217
0.989526 0.000147736
0.989524 8.28051e-05
0.989522 1.83695e-05
0.989518 -4.56258e-05
0.989513 -0.000109236
0.989507 -0.000172517
0.9895 -0.000235523
0.989491 -0.000298308
0.989482 -0.000360926
0.989472 -0.000423431
0.98946 -0.000485873
0.989447 -0.000548305
0.989434 -0.000610775
0.989419 -0.000673333
0.989402 -0.000736026
0.989385 -0.000798899
0.989366 -0.000861995
0.989346 -0.000925356
0.989325 -0.00098902
0.989303 -0.00105302
0.989278 -0.00111739
0.989253 -0.00118216
0.989226 -0.00124734
0.989198 -0.00131296
0.989168 -0.00137903
0.989136 -0.00144556
0.989103 -0.00151254
0.989068 -0.00157997
0.989031 -0.00164786
0.988993 -0.00171618
0.988952 -0.00178493
0.98891 -0.0018541
0.988866 -0.00192368
0.988821 -0.00199367
0.988773 -0.00206406
0.988723 -0.00213486
0.988672 -0.00220607
0.988618 -0.0022777
0.988562 -0.00234978
0.988504 -0.00242233
0.988444 -0.00249537
0.988381 -0.00256894
0.988316 -0.00264307
0.988249 -0.0027178
0.988178 -0.00279316
0.988105 -0.00286922
0.98803 -0.002946
0.987951 -0.00302357
0.987869 -0.00310198
0.987784 -0.00318127
0.987695 -0.00326151
0.987603 -0.00334275
0.987507 -0.00342505
0.987407 -0.00350848
0.987303 -0.00359311
0.987194 -0.00367899
0.987081 -0.00376621
0.986963 -0.00385483
0.986839 -0.00394493
0.98671 -0.00403659
0.986575 -0.00412989
0.986434 -0.00422492
0.986286 -0.00432177
0.986132 -0.00442052
0.985969 -0.00452129
0.985799 -0.00462417
0.98562 -0.00472927
0.985432 -0.0048367
0.985235 -0.00494658
0.985027 -0.00505904
0.984808 -0.0051742
0.984577 -0.0052922
0.984333 -0.00541319
0.984076 -0.00553732
0.983804 -0.00566474
0.983516 -0.00579564
0.983211 -0.00593017
0.982887 -0.00606854
0.982543 -0.00621093
0.982177 -0.00635755
0.981788 -0.00650862
0.981373 -0.00666436
0.98093 -0.00682501
0.980457 -0.00699082
0.97995 -0.00716204
0.979407 -0.00733893
0.978824 -0.00752177
0.978196 -0.00771083
0.97752 -0.00790638
0.976791 -0.00810871
0.976002 -0.00831806
0.975147 -0.00853468
0.974219 -0.00875877
0.973209 -0.0089905
0.972108 -0.00922993
0.970904 -0.00947703
0.969584 -0.00973163
0.968133 -0.00999331
0.966534 -0.0102613
0.964765 -0.0105346
0.962805 -0.0108114
0.960622 -0.011089
0.958184 -0.0113638
0.955451 -0.0116303
0.952373 -0.0118808
0.948892 -0.0121042
0.944937 -0.0122845
0.94042 -0.0123987
0.935232 -0.0124136
0.929239 -0.0122804
0.922273 -0.0119276
0.914118 -0.0112482
0.904504 -0.0100811
0.893077 -0.00817971
0.879378 -0.00516198
0.862802 -0.000426391
0.842537 0.00698811
0.817476 0.0186364
0.786103 0.0370317
0.746508 0.0659934
0.697413 0.109625
0.647084 0.160844
0.594124 0.218463
0.537367 0.280808
0.476138 0.345694
0.410576 0.410631
0.342892 0.47234
0.275239 0.529233
0.207083 0.582961
0.141875 0.632609
0.0821267 0.67845
0.0291828 0.721466
-0.0161334 0.762592
-0.053397 0.802558
-0.0824567 0.841845
-0.103339 0.88069
-0.116187 0.919122
-0.12122 0.957006
-0.118716 0.994079
-0.108997 1.02999
-0.0924298 1.06433
-0.0694182 1.09666
-0.0404067 1.12653
-0.00587723 1.15347
0.0336515 1.17706
0.0776267 1.19691
0.125464 1.21264
0.176553 1.22396
0.23026 1.23061
0.285935 1.2324
0.342918 1.22921
0.400544 1.22099
0.458151 1.20774
0.515088 1.18955
0.570719 1.16659
0.624435 1.13907
0.675653 1.10729
0.72383 1.07161
0.768463 1.03243
0.809099 0.990231
0.845334 0.945526
0.876819 0.898874
0.903265 0.85087
0.924438 0.802136
0.940166 0.753317
0.950331 0.705069
0.954871 0.658054
0.953774 0.612932
0.947073 0.570351
0.934837 0.530942
0.91716 0.495308
0.894155 0.464023
0.865934 0.437623
0.832588 0.416606
0.79416 0.401423
0.750609 0.39246
0.701769 0.390001
0.647317 0.394159
0.586748 0.404784
0.519389 0.42133
0.444478 0.442693
0.361359 0.467052
0.269864 0.491822
0.170828 0.51388
0.0747615 0.529258
-0.0151133 0.537882
-0.100684 0.541086
-0.184595 0.540047
-0.269018 0.535802
-0.355121 0.529728
-0.434021 0.524606
-0.504346 0.522572
-0.566524 0.524976
-0.62103 0.532576
-0.668267 0.545683
-0.708536 0.564282
-0.742037 0.588127
-0.768896 0.61681
-0.789188 0.649806
-0.802963 0.686512
-0.810266 0.726268
-0.81116 0.76838
-0.805734 0.812133
-0.79412 0.856805
-0.776496 0.901679
-0.753095 0.946053
-0.724206 0.98925
-0.690174 1.03063
-0.651402 1.06958
-0.608348 1.10555
-0.56152 1.13805
-0.511474 1.16664
-0.458804 1.19095
-0.404142 1.21068
-0.348145 1.22561
-0.291492 1.23559
-0.234875 1.24055
-0.17899 1.2405
-0.124533 1.23552
-0.0721873 1.22578
-0.0226216 1.2115
0.023519 1.19298
0.0656185 1.17059
0.103094 1.14472
0.135401 1.11584
0.162033 1.08442
0.182529 1.05099
0.196466 1.01606
0.203467 0.980124
0.203191 0.943666
0.195342 0.9071
0.17966 0.870758
0.155935 0.834848
0.124017 0.799417
0.0838458 0.764303
0.0355079 0.729093
-0.0206803 0.693108
-0.0840504 0.655425
-0.153448 0.615005
-0.227143 0.570939
-0.302897 0.522811
-0.378251 0.471033
-0.449975 0.417756
-0.518121 0.363917
-0.582167 0.311646
-0.641585 0.263543
-0.696895 0.221279
-0.748754 0.186011
-0.797748 0.158447
-0.8443 0.138945
-0.888635 0.127613
-0.930799 0.12438
-0.970683 0.12905
-1.00806 0.141327
-1.04263 0.160845
-1.07401 0.187171
-1.10182 0.219819
-1.12566 0.258257
-1.14514 0.301907
-1.15989 0.350154
-1.1696 0.402348
-1.17397 0.457815
-1.17279 0.515858
-1.16591 0.575763
-1.15324 0.636813
-1.13475 0.698289
-1.1105 0.759478
-1.08062 0.819687
-1.04532 0.878244
-1.00485 0.934509
-0.959555 0.98788
-0.909844 1.0378
-0.856177 1.08377
-0.799068 1.12535
-0.739079 1.16214
-0.676813 1.19385
-0.612907 1.22022
-0.54802 1.24108
-0.482832 1.25635
-0.418031 1.26601
-0.354305 1.27012
-0.292337 1.2688
-0.232796 1.26226
-0.17633 1.25078
-0.12356 1.23468
-0.0750717 1.21435
-0.0314152 1.19023
-0.0103102 1.17599
